Accuracy : 82.32189973614776
Auroc : 77.29605263157895
Average precision : 72.70305724355156
Sensitivity :  81.94070080862534
Specificity :  100.0

0.1192576229363119_0.03986155428379877__0.9821836715963856_0.2944107131397793_weights.h5